$ANSIBLE_VAULT;1.1;AES256
35316239386536356134333462353932613739626536353336373939333737643466623431633236
3038383165383762353266643732343763643562663137380a323463633865613366393065653961
35646132363235306337653631353962303138303732616531303632353232356636386338353762
3235656436353330660a623864663637333235343638613336653436313734346535646566373536
32376133653338343137303735663366386161613636323962363962646535623262636438376364
36393237333731316237613133356664313836396334643063373036653937333534313439323630
35313563343437316561646130393965633234346662383665613239316330316233343830663030
38343364306538623134653465366465643565376334376134643330326266323334626534396531
63373034386330636630386336626133356430303030353334333331326464616237323737393038
35366138626337363035323264396132626662326266343064666136356464643765333032373038
30356633663539376334393935383637356430303965653664656135383536316365366261386330
31363534366530336530366262656562616237353531666137373931323662646364373166613461
61376266383632633133363964633330323539643032333239336637633861613839653835333437
64383432303336656337303336333431616231346362313835613132323636326636633334373166
31326635663134353161363034633263373931316132373038306238616331386165396234316162
39356532626439633030383533366531393430336331306534326434613130303431323839653434
64313431326435356236373331333563323661616464313030383161323861333232666233373565
31636165616364303237366261363162326661346637316637333535363331383061646331666566
39353839323965383964646164623832316664633636356262386235303064343230386632323030
66356136396236366637393731373865626334323434663133353530306639666534636639333134
38373532366562393063656562633937353563383633613938643362313762346338626264396131
38626163323139373434306639663633663135353639316261626665373437616339373639393234
39356263376536316437326163383363666536376662396637646136303233393736376261313362
33383931616438633366666330363538343336363136396230313030643237636364363165373133
39623636396232333430383238376365633966393461363433303161386465613732316662356639
35323330653037343434376338316536333534353035356666326665366637616135366366316662
66356563643563376534623039636130636263643739396236636430306138633933626238363030
34373064383931356464636333373539316133613565346130333832653837643163353561343238
32313537363038356566313563326239656235643735626662653339653766616134346163323433
39613161613338653535323638356432383038363965306261643338373236353361303461383262
38303466393262653766623261373233633962353839333839666464386432316435636564366237
63646663313063633262623437303838333865666133323262363132323637393961383966613061
63383164303436376533316663613934613764643536663632323334353662373065386530653230
30643565663262373933633461653065313736616231303132373139306133313034393564323265
35336330396462303765616439616262373565653932356161633166336635633637316336316265
64363936633534646439656663666331613264373061353230303037306236656166653739393031
30643333376236396237386564663265633137636539366434366633626461343936386136626365
65343265353139666166373636356131373034343863666364636532303234646133343532343336
35336639613163373861346166393063393431363764343137333761626130306266653637353961
31643135303234663434613831393034396165663738303763646164393635643166636531376134
36623166393264643539326432386664626664373165663337386566393163323034353336626534
62383833626438646138363937383261623037383031613531356132623261363835306563376161
63623565653537356639323064633236343230323234633266616263306230376639653564346563
36646533326335383632386639636137343965656236363234626163353839616436343963356464
32303533666533643230376566643932383961373265363965303562373263666264303163366562
64393837333438623432306431343831353534323566346236313831646366353966646436396532
38393433663761333039313730373764376538373639633562353362653665303166366165353133
37343931343935313835353262616137386261613532313361616533326363636137376266366365
63643665343630656434346666626338343531613265626363303963353165613330363665643561
65626237626361356238623162313566383934646538316433623733393333323765623530366465
65623462623130343664616535663538353262316632393866663630316661396263626366643631
33656334366138353432383836306136353966386530366131313138386432343536363930663562
39343161343339363364636236623161313731383263656439353764333238643032323561633933
65323062383733643437313364623736313632616235346264623131366662656636393835323764
63353537366465353161396634323930646536396531336335343531646134643261386432373563
61616266343233333063646261636131653764346330356232326266646165373161643961393661
39613339386233626537653532336337333762393237636465613561366362393264363234646234
37633661633166363233303131393237343965633664653137616131383564616136323565343838
31613832353265396562306434316632356663356164303934653264383961343263623931303739
39353737316161363661333830353739316332323164373063373231666332353032303531323861
62356235373865306361313362616139636534343633333433666461623861383237646635343430
62363834316466343535333866626437366563633032373166613564353666323537316335343033
35386531323332303766373063653063303034333063393736373862353366336261323964343132
39653534363863633036313639633964663765623835613831376339383731343432353130636434
32626465363833373363393462633934373664323138383265336638343730653538316538623731
32393139626332383636643437323039326638363736333534643636663234653566653234333834
38383361613563666163656263633631303764316331383066633139373632393935616461313866
34626564633661326533393536356361653231353632353139343631616334626632393861383964
34656639383565643261376237613139303036373864303033633064313334656163303838363833
35363030333631653038366130333230376632393737393531643431373465626339366136623363
62386439656239373061396433646632396231353931653536613532303037653337396236303634
30633464333061373962646464623037613161336363646631303930303461643566393839626437
66386239396539646563323261373864636161306361323937363062613531663930353336653163
33623861306337353764663437303066636233316330633862656561303239323561643762633635
64663664616537353130333263356666666238343262326135333363633839346433326339356134
38303764626131396430386631366439336133313736383636626463326464633131666538373937
35343464393666346562326338376661623363396664373338383839343562653534303038373435
61613134636233633133393966373234363237303466346631653035363963653831663361363131
63343035323764383066363137386234356237373036383433626461393361313432383335336636
31376634636230653031343061373564386533633564643434363132613237623962343636356562
36633335343261373438346636383062653164643539373463396331336430633364383264613563
30623334656434313264356364663061666535363066656365376136323836616431346632633830
38363261353437396363313633386536303034653866323265353534303065353564383561373933
65613864373266356135393238353265633930346537306637656363653239653563323063386636
38356235343665343165643533316134376561336461623562373761393936383836303936363466
30613737623762626536316434323464373861333463643338336333313035333733636139353365
37373665643232343962343238633934316333303334336432376162633236353336313036373538
37326232316130613638393936613031393039633262633737356166636235383231363366663063
63386365356261313463643237346537643834656365396333323261306661336161636232663635
39333135336337653364363263383065643038306535383736633831626262366337353331386632
63656536653539336561656564363539653333626665366461396164663562313635623364386666
35336263396363376335383966313135383438376335663230313061353761373238313966356463
33333134653730393432316532616266626637333236333563663161326665393132636637336662
33323536623933303736316131326234373363623235666534353438393439306135623063313537
31646534626266386265356438346335663561353263656635373339376139663534306630663532
31313336393265323266393764353730353066373832653439333761653839386634666231316234
62313262356663393665613963363130343263383930323038623466336638366230346238346264
38336339326133343162333363333735653036376336383664626230373232616335343134386464
61353735386261316133306465313061646265313335303435623336383731313538303337616237
63306165316431653031643536376432343737353836666534386530393165616263376362663764
30313736616331343732393761343964383438653563306230643339393830613838306535346664
61323834623738383037333566643539363631303133386638666461643130353838323033633734
63616337313937626533653263333063336336373734323932663238356434343234396537316632
32346263646637323764356331356338356465393536323864656361343533316339646638396535
31616461656461386230363363663961633637373336616561656634616463653639356537363335
63366535616237336530366534643366343932373835643138663565633664356636643864363936
66393765666537303339313139313034353838323732366566396531613633666566323039323162
30386638633863366537383935646234616366633333373636353931373230666432633563313836
36346130363438393136313961343965653132326266613965623736396537626531613132326265
62653266313833303331616338386439316166386631633131343365613161646137363235353239
36326163393837313230373739346363323466363237343962663435323732653135366435393164
64643032643766323432346232316461386338633135313064616663663962313331633330643263
62373930383063623264303633353539623134313566313864653331363634303539623363303863
65646163353662323738663661313465613866663639663362343837636238313333333532373864
36366236663732313762313138356535633663393638396463666334336534326266636439633362
65353265343235643934386331343637313236653730333161373733346130623836663865383530
63393331363931303336326432333762343561303935366634653631346338306539643164396562
30356133396662633031373861623862303035383231616165653164616362623035333135336238
34383462666636323161613461306231356238663130343739333036393961343731333033303132
61643763613661323839616530343133363565373134613062343065653164626233633161303363
36616562346532383563656237663964336233616237343464336662336363663266646661623864
61666466356130653437303261653738643233643433616235623832323633616136306266303531
64326437623736323630633466633761343163363662396439396364373133653638663839343736
39633538626136393332653936366237636334336265373961333366313438636166333830303565
38646430616437356439346164303030383232373862356236306437316532393632376261626532
37396233316662306637626535623137653036613166326561383132633030633366663430313738
36663531326532363532333665623637636339313931353466366236373236393330313563653533
64353963386161626139663937613230373038393936643063343663386466333364376566626332
33633965656536366362663436656536383362623438346335666465373836346135653561623139
30663734343133346339396138646237353530353562363332613738623665393266363439323465
35623038643630353035633666363463343030626131346438633062313833303638383865656334
32656138313134363230386534623364333733376636303864353936633064613766343135363831
34396636333936356462326431393166396531386238633465393833636562633830383366646234
34333064646138653733373566363261653663323732373164613630306461653432646462316265
39636433326538326338653335366663313338373262646365363830663032613135353234373438
65316137313734303765353534356430623235326137383834366261373239636463643332623237
30323132393364626466346134636237633639333937653135666630633235613534396364383031
34336236643037363162646139356335373531353466346432343535343365303365363634386463
61303262643432313461626565633131343138623963383132346537323965633337363463323466
38326461626436323664326538666130613431333039323531303666623862366333393935343865
36633863356661383036643666646632616162306435616164326336623062353338323965383836
32643263373639356365623963356665646461656563323639656261643261626263663939313831
61656563383434666533376239353230643535313232336238643034633239333065353139646635
34316630663230633662366161303539366464393739366532663963393237366465383763626134
30616665306435363936303833333064323761646339653634333465633566623638356164663564
38363565386365666634383633636339633337396562353933393964373663326330616265306266
65363261623935353533363166303838653134303139666535373431663036643764646366393936
39393730623939633431386564623534353938626131373863653765363134373066363165346236
37646465303261323234393930623939616531666533663262326238326630643163653239653130
65363733396561356535343364316363613337333538633232653938383032353634633464623733
36376235643566613561306437333934626266623664303338643766613366333163373137353466
31623332353235353334393066636265643962306432333763666331613361663164316231666536
38643630343936623338353637343833356637326266303537376136643764373837323236303439
39353230353663653735326434323361383934666135663538313263363530653232353433656166
35653362363666346237346430346235323135316364396536323038343735613365646465393032
34636238346231666335646333313734656237383361376338626539383230323464643430643636
32613261616662333534306336376631333735343239333864373539663333646463626135313865
61336433396362316362613237396263353931613761613562633961656530376530396333326666
30393134373032323963633531363035343734643662663062386636363661333239313936336566
30356431353934393539656364333766666438643539363632303864393733303834643832626261
63326432316462316635646665623735383837386537363961343637366662363462353732356331
65613737383565326566366230333334396430646432383132316561393432356361383930613732
33393764653865336632336462313863326539396631376336376565313235376131353230326561
30663435306563633765653839633232376336303164653766393166346436393761656265326366
38373866393965613037643637363432333134363338346335363738326539326166653036386663
30623463393437353637306336336530393538633231656162316133313730643336326364666239
63636131636435656531383865333534626561613037323434306634623364636530303266373933
39313061333033393365366566306537643133383262313639353137363538326232653366323030
64316465303665396134303661376562313233343238313432613539303931363063663531656237
3934613831633132306535393861336433616632313266363562
